[ 5561.300871] [Project1] 2385 1588084564.335829241 1588084569.169820970
[ 5572.110458] [Project1] 2386 1588084575.895975308 1588084579.979470891
[ 5579.873402] [Project1] 2387 1588084583.977370983 1588084587.742487927
[ 5588.291027] [Project1] 2389 1588084592.053666407 1588084596.160198151
[ 5595.418123] [Project1] 2390 1588084599.833659229 1588084603.287320571
[ 5602.281006] [Project1] 2391 1588084606.698382962 1588084610.150280142
[ 5609.123152] [Project1] 2392 1588084613.571264035 1588084616.992535979
[ 5616.132573] [Project1] 2393 1588084620.606638006 1588084624.001996397
[ 5623.165112] [Project1] 2394 1588084627.583620487 1588084631.034628077
[ 5629.962829] [Project1] 2395 1588084634.431747170 1588084637.832344288
